10001110111100111
00010000111101111
11011111010011000
01010000011111000
01001010110010001
10111001110011101
11011000010010111
11000010101001001
01001101110101011
11011101111110000
00000101011010010
10001111100000111
11000000110110010
00101111100011110
10110100110100001
01011100001001100
00110010101001110
00101010000010101
11000111001100111
00000111010001100
10110010101111100
10000000111111101
00010101010010001
11000010101010001
11001000000000001
10110110100101110
11001100001111100
00101010101110111
11111010111111010
11100110001010011
11000011101110101
01010110010110011
10010100101111110
11111110011111100
01001010110001000
10100110101000101
10010100110010101
00111101111101100
11100010001010110
11100100101110011
10011011010011000
00010001100100011
10000001100010001
11101111100000000
11000001011100110
01001111001000100
01101110000010101
11000111110011100
00000011111110100
00001000101010001
