101110100100111111101010
111010001110011001100100
100100101100000010101100
011011111010011001101000
010000101000001010100011
101111110101101000001111
111111000000111010000001
001001100010010111010100
000100010110101111101110
001111000100000000010100
110001110100010101110010
100010010010000110111110
100000010000100100101001
010011000110010011100100
011100011001000000000011
111111111010111101011011
010000001000101101011101
100010001001101010100111
010101100010010110000110
110010110000101001100111
100000101011011011001011
000111101011111001100110
101001100001100001111110
011101000001100101111010
100010000101011011101110
000110110010110100010000
101011000110100111111000
111101110101010011010101
110000100000010000111000
001011001010101101001110
011001110101100001111011
000110000101010011111001
011101100111101101011101
000000111001011110001011
110100010011100101001010
111000100101110110010001
101100111101001111110010
001101011100111010110100
111011001101001001000110
010010111100100001001111
010110001101111111101011
100011110000000000010000
101100010010110001100101
110011001100111111001001
011011100010101001000101
101100010100101111000011
000001101010100001110001
110001111000110011011010
100100100110010100010000
100001100011110001010110
