000100010101100000010000
111010100111111111111010
110111110001110001101010
010111101101011101101001
100100100000000111000001
010001100111011000000110
011101100110111010010011
111001111100100110010000
000000001001001101100110
100001000001100111011100
101010010110101000001000
111110010110111110100000
100000101101000110010110
011110100001011011100101
111100111001011001010001
010100000110110101011100
100101011010101010100101
001111000011011111101001
001011001110000001011101
101111011110000001100000
101111110101010101000010
100000111010001110000010
101001010000100011001010
001000001011000010101111
111100011010110110110100
011000000101111011111010
101100101011110000001011
101001010011110010001111
001101001110110000100101
101101010111010010100111
101101101111001000000101
101001011001110101011110
100011010001000010001100
000011110111111001011110
010110111011000101101010
011101110100010010101111
110000101001101001010100
101001110000000111000111
111111010001010000111101
100000101100111011100001
110011001100010011101001
011111111001111110101010
111100001101101110000101
011100100111110010011110
110001011110110010001110
101001100101101111101111
101001100111101101110111
011110101010000110001110
110011010101010101001101
111111100111010110011100
